[info]
email = 695321146@qq.com
password = cq314159

[cookies]
_za = b3137b13-d1f0-495b-afb5-d1fcec646754
q_c1 = 39da90a97dff483fb8b7822fbd9f38dc|1430377535000|1412072491000
c_c = 5eef8414ef0711e4ae2db083fee931c3
_xsrf = 87a4aecfd7df86a5dd0a37c6d6e625c7
_ga = GA1.2.1856127614.1405426950
__utmz = 51854390.1430899557.4.3.utmcsr=zhihu.com|utmccn=(referral)|utmcmd=referral|utmcct=/
__utmv = 51854390.000--|2=registration_date=20131116=1^3=entry_date=20140930=1
__utmt = 1
__utmc = 51854390
__utmb = 51854390.10.10.1430899557
__utma = 51854390.1856127614.1405426950.1430838778.1430899557.4